01  0722 1646  0709 1720  0634 1752  0545 1825  0501 1855  0434 1923  0436 1933  0459 1914  0528 1832  0557 1743  0630 1658  0703 1636  
02  0723 1647  0708 1721  0632 1754  0543 1826  0459 1856  0434 1924  0436 1933  0500 1913  0529 1830  0558 1741  0631 1657  0704 1636  
03  0723 1648  0707 1722  0631 1755  0541 1827  0458 1857  0433 1925  0437 1933  0501 1912  0530 1829  0559 1740  0632 1656  0705 1636  
04  0723 1649  0706 1723  0629 1756  0540 1828  0457 1858  0433 1925  0437 1933  0502 1911  0531 1827  0600 1738  0633 1655  0706 1635  
05  0723 1650  0705 1725  0628 1757  0538 1829  0456 1859  0432 1926  0438 1933  0503 1910  0532 1826  0601 1737  0634 1654  0707 1635  
06  0723 1651  0704 1726  0626 1758  0537 1830  0455 1900  0432 1927  0438 1932  0504 1909  0533 1824  0602 1735  0635 1653  0708 1635  
07  0723 1652  0703 1727  0625 1759  0535 1831  0454 1901  0432 1927  0439 1932  0505 1907  0534 1822  0603 1733  0637 1652  0709 1635  
08  0722 1653  0702 1728  0623 1800  0534 1832  0453 1902  0432 1928  0440 1932  0506 1906  0535 1821  0604 1732  0638 1651  0710 1635  
09  0722 1654  0701 1729  0622 1801  0532 1833  0451 1903  0432 1928  0440 1931  0507 1905  0536 1819  0605 1730  0639 1650  0711 1635  
10  0722 1655  0700 1731  0620 1802  0530 1834  0450 1904  0431 1929  0441 1931  0507 1904  0537 1818  0606 1729  0640 1649  0711 1635  
11  0722 1656  0658 1732  0619 1803  0529 1835  0449 1905  0431 1929  0442 1930  0508 1903  0538 1816  0607 1727  0641 1648  0712 1635  
12  0722 1657  0657 1733  0617 1804  0527 1836  0448 1906  0431 1930  0442 1930  0509 1901  0539 1814  0608 1726  0642 1647  0713 1636  
13  0721 1658  0656 1734  0615 1805  0526 1837  0447 1907  0431 1930  0443 1929  0510 1900  0540 1813  0609 1724  0643 1646  0714 1636  
14  0721 1659  0655 1735  0614 1806  0524 1838  0446 1908  0431 1931  0444 1929  0511 1859  0541 1811  0610 1723  0645 1645  0715 1636  
15  0721 1700  0653 1737  0612 1807  0523 1839  0445 1909  0431 1931  0444 1928  0512 1857  0542 1809  0611 1721  0646 1644  0715 1636  
16  0720 1701  0652 1738  0611 1808  0521 1840  0445 1910  0431 1931  0445 1928  0513 1856  0542 1808  0612 1720  0647 1644  0716 1637  
17  0720 1702  0651 1739  0609 1810  0520 1841  0444 1911  0431 1932  0446 1927  0514 1854  0543 1806  0613 1718  0648 1643  0717 1637  
18  0719 1703  0650 1740  0607 1811  0518 1842  0443 1912  0431 1932  0447 1926  0515 1853  0544 1804  0614 1717  0649 1642  0717 1637  
19  0719 1704  0648 1741  0606 1812  0517 1843  0442 1913  0432 1932  0448 1926  0516 1852  0545 1803  0615 1715  0650 1641  0718 1638  
20  0718 1706  0647 1742  0604 1813  0515 1844  0441 1914  0432 1933  0448 1925  0517 1850  0546 1801  0616 1714  0651 1641  0718 1638  
21  0718 1707  0645 1743  0602 1814  0514 1845  0440 1914  0432 1933  0449 1924  0518 1849  0547 1759  0617 1712  0653 1640  0719 1639  
22  0717 1708  0644 1745  0601 1815  0513 1846  0440 1915  0432 1933  0450 1924  0519 1847  0548 1758  0619 1711  0654 1640  0719 1639  
23  0716 1709  0643 1746  0559 1816  0511 1847  0439 1916  0432 1933  0451 1923  0520 1846  0549 1756  0620 1710  0655 1639  0720 1640  
24  0716 1710  0641 1747  0558 1817  0510 1848  0438 1917  0433 1933  0452 1922  0521 1844  0550 1754  0621 1708  0656 1639  0720 1640  
25  0715 1711  0640 1748  0556 1818  0509 1849  0438 1918  0433 1933  0453 1921  0522 1843  0551 1753  0622 1707  0657 1638  0721 1641  
26  0714 1713  0638 1749  0554 1819  0507 1850  0437 1919  0433 1933  0454 1920  0523 1841  0552 1751  0623 1706  0658 1638  0721 1642  
27  0713 1714  0637 1750  0553 1820  0506 1851  0436 1920  0434 1934  0454 1919  0524 1840  0553 1749  0624 1704  0659 1637  0721 1642  
28  0713 1715  0635 1751  0551 1821  0505 1852  0436 1920  0434 1934  0455 1918  0525 1838  0554 1748  0625 1703  0700 1637  0722 1643  
29  0712 1716  xxxx xxxx  0549 1822  0503 1853  0435 1921  0435 1933  0456 1917  0526 1837  0555 1746  0626 1702  0701 1636  0722 1644  
30  0711 1717  xxxx xxxx  0548 1823  0502 1854  0435 1922  0435 1933  0457 1916  0526 1835  0556 1745  0627 1701  0702 1636  0722 1644  
31  0710 1719  xxxx xxxx  0546 1824  xxxx xxxx  0434 1923  xxxx xxxx  0458 1915  0527 1834  xxxx xxxx  0629 1659  xxxx xxxx  0722 1645  
